[directory]
dump_dir = /Users/michaelmitchell/qlicS/data/2024-06-28_22-41-13/

[constants]
h = 6.626e-34
c = 299792458
amu = 1.6605402e-27
ele_charge = 1.60217663e-19

[live_vars]
current_timesequence_pos = 2

[sim_parameters]
log_steps = 10
timesequence = [[1e-08, 10000.0], [1e-09, 10000.0]]

[modulation]
uid = 569202603907006
amp = 0.003
frequency = 717000
ex0 = 319.039
exx1 = -320779.0
exx2 = 163840000.0
exy1 = 3188.37
exy2 = -158115000.0
exz1 = -0.483258
exz2 = 16206.1
ey0 = -3.62944
eyx1 = 3527.19
eyx2 = 660075.0
eyy1 = 320888.0
eyy2 = -1252000.0
eyz1 = 1.91814
eyz2 = 13573.5
ez0 = 0.00111849
ezx1 = -0.582074
ezx2 = -789.5
ezy1 = 2.08274
ezy2 = 1408.33
ezz1 = -57.5482
ezz2 = 153.512
x_shift = 0
y_shift = 0
z_shift = 0
static = [0, 0, 0]

[ions]
be+ = [{'mass': 9, 'charge': 1}, {'natural linewidth': 113097335.52923255, 'absorption center': 957800000000000.0, 'saturation': 765}]
o2+ = [{'mass': 32, 'charge': 1}, {'natural linewidth': None, 'absorption center': None, 'saturation': None}]

[ion_cloud]
radius = 0.001
count = 50

[trap]
radius = 0.00375
length = 0.00275
kappa = 0.244
frequency = 3850000.0
voltage = 500
endcapvoltage = 15
pseudo = True

[cooling_laser]
beam_radius = 0.0001
saturation_paramater = 100
detunning = 300000000.0
laser_direction = [-0.5, -0.5, -0.7071067811865475]
laser_origin_position = [0, 0, 0]

[scattering_laser]
scattered_ion_indices = [0, 50]
target_species = be+
laser_direction = [-0.5, -0.5, -0.7071067811865475]
saturation_paramater = 100
frequency = 957800000000000.0

[detection]
detection_timestep_seq = [[15000, 16000], [17000, 19000]]
detector_area = 0.0001
detector_effeciency = 0.01
detector_distance = 0.2

