[directory]
dump_dir = /Users/michaelmitchell/qlicS/data/2024-07-01_17-08-03/

[live_vars]
current_timesequence_pos = 2

[constants]
h = 6.626e-34
c = 299792458
amu = 1.6605402e-27
ele_charge = 1.60217663e-19

[ions]
be+ = [{'mass': 9, 'charge': 1}, {'natural linewidth': 113097335.52923255, 'absorption center': 957800000000000.0, 'saturation': 765}]
o2+ = [{'mass': 32, 'charge': 1}, {'natural linewidth': None, 'absorption center': None, 'saturation': None}]

[sim_parameters]
log_steps = 10
timesequence = [[1e-07, 10000.0]]

[detection]
detection_timestep_seq = [[]]
detector_area = 0.0001
detector_effeciency = 0.01
detector_distance = 0.2

[ion_cloud_0]
uid = 1
species = be+
radius = 0.001
count = 10

[trap_0]
target_ion_pos = 0
radius = 1.25e-3
length = 1.5e-3
kappa = 0.17
frequency = 11040000
voltage = 66.4
endcapvoltage = 2
pseudo = True

[cooling_laser_0]
uid = 569202603907002
target_ion_pos = 0
target_ion_type = be+
beam_radius = 0.0001
saturation_paramater = 100
detunning = 300000000.0
laser_direction = [-0.5, -0.5, -0.7071067811865475]
laser_origin_position = [0, 0, 0]

[scattering_laser]
scattered_ion_indices = [0, 10]
target_species = be+
laser_direction = [-0.5, -0.5, -0.7071067811865475]
saturation_paramater = 100
frequency = 957800000000000.0

[modulation_0]
uid = 469202603907006
amp = .1
frequency = 717000
ex0 = 100
exx1 = 0
exx2 = 0
exy1 = 0
exy2 = 0
exz1 = 0
exz2 = 0
ey0 = 0
eyx1 = 0
eyx2 = 0
eyy1 = 0.0
eyy2 = 0.0
eyz1 = 0
eyz2 = 0
ez0 = 0
ezx1 = 0
ezx2 = 0
ezy1 = 0
ezy2 = 0
ezz1 = 0
ezz2 = 0
x_shift = 0
y_shift = 0
z_shift = 0
static = [0, 0, 0]

[iter]
scan_objects = ["modulation_0", "scattering_laser", "cooling_laser_0"]
scan_var = ["modulation_0", "frequency"]
scan_var_seq = [500000, 600000, 650000, 700000, 705000, 710000, 715000, 720000, 750000, 800000, 900000]
iter_timesequence = [[1e-07, 1e4], [1e-09, 1e3], [1e-07, 10000]]
iter_detection_seq = [[1e4, 1.1e4]]
com_list = tickle,evolve,r_469202603907006,evolve,cooling_laser,evolve

[exp_seq]
com_list = dumping,cloud,trap,cooling_laser,evolve,r_569202603907002,iter
