[directory]
dump_dir = /Users/michaelmitchell/qlicS/data/2024-07-01_17-08-03/

[live_vars]
current_timesequence_pos = 2

[constants]
h = 6.626e-34
c = 299792458
amu = 1.6605402e-27
ele_charge = 1.60217663e-19
boltzmann = 1.380649e-23

[ions]
be+ = [{'mass': 9, 'charge': 1}, {'natural linewidth': 113097335.52923255, 'absorption center': 957800000000000.0, 'saturation': 765}]
o2+ = [{'mass': 32, 'charge': 1}, {'natural linewidth': None, 'absorption center': None, 'saturation': None}]

[sim_parameters]
log_steps = 1
timesequence = [[1e-08, 40000.0],[1e-08, 40000],[1e-08, 40000.0]]
lammps_boundary_style = ['m', 'm', 'm']
lammps_boundary_locations = [[-.001, .001],[-.001, .001],[-.001, .001]]
lammps_allow_lost = False

[ion_cloud_0]
uid = 1
species = be+
radius = 0.001
count = 20

[ion_cloud_1]
uid = 2
species = o2+
radius = 0.001
count = 5

[trap_0]
uid = 10000001
target_ion_pos = 0
radius = 1.25e-3
length = 1.5e-3
kappa = 0.17
frequency = 11040000
voltage = 66.4
endcapvoltage = 2
pseudo = True

[trap_1]
uid = 20000001
target_ion_pos = 1
radius = 1.25e-3
length = 1.5e-3
kappa = 0.17
frequency = 11040000
voltage = 66.4
endcapvoltage = 2
pseudo = True

[static_efield_0]
uid = 3000000
amp = 10
x_bound = [-1, 1]
y_bound = [-1, 1]
z_bound = [-1, 1]
ex0 = 0.319039
exx1 = -0.320779
exx2 = 0.16384
exy1 = 0.00318837
exy2 = -0.158115
exz1 = -4.83258e-7
exz2 = 0.0000162061
ey0 = -0.00362944
eyx1 = 0.0035271
eyx2 = 0.000660075
eyy1 = 0.320888
eyy2 = -0.001252
eyz1 = 1.91814e-6
eyz2 = 0.0000135735
ez0 = 1.11849e-6
ezx1 = -5.82074e-7
ezx2 = -7.895e-7
ezy1 = 2.08274e-6
ezy2 = 1.40833e-6
ezz1 = -0.0000575482
ezz2 = 1.53512e-7
x_shift = 0
y_shift = 0
z_shift = 0

[cooling_laser_0]
uid = 569202603907002
target_ion_pos = 0
target_ion_type = be+
beam_radius = 0.0001
saturation_paramater = 100
detunning = -300000000.0
laser_direction = [0.5, 0.5, 0.7071067811865475]
laser_origin_position = [0, 0, 0]

[exp_seq]
com_list = dumping,cloud,cloud,trap,trap,cooling_laser,evolve,r_10000001,r_20000001,r_569202603907002,static_efield,evolve
