[directory]
dump_dir = /Users/paulgrajzl/Documents/repos/qlicS/data/2024-09-17_14-47-09/

[live_vars]
current_timesequence_pos = 3

[constants]
h = 6.626e-34
c = 299792458
amu = 1.6605402e-27
ele_charge = 1.60217663e-19
boltzmann = 1.380649e-23

[ions]
be+ = [{'mass': 9, 'charge': 1}, {'natural linewidth': 113097335.52923255, 'absorption center': 957800000000000.0, 'saturation': 765}]
o2+ = [{'mass': 32, 'charge': 1}, {'natural linewidth': None, 'absorption center': None, 'saturation': None}]

[sim_parameters]
log_steps = 1
timesequence = [[1e-08, 40000.0],[1e-09, 150000.0],[2e-08, 40000.0]]
gpu = False

[detection]
detection_timestep_seq = [[]]
detector_area = null
detector_effeciency = null
detector_distance = null

[modulation_0]
uid = 469202603907006
amp = .1
frequency = 710000
ex0 = 100
exx1 = 0
exx2 = 0
exy1 = 0
exy2 = 0
exz1 = 0
exz2 = 0
ey0 = 0
eyx1 = 0
eyx2 = 0
eyy1 = 0.0
eyy2 = 0.0
eyz1 = 0
eyz2 = 0
ez0 = 0
ezx1 = 0
ezx2 = 0
ezy1 = 0
ezy2 = 0
ezz1 = 0
ezz2 = 0
x_shift = 0
y_shift = 0
z_shift = 0
static = [0, 0, 0]

[modulation_1]
uid = 469202603907007
amp = .1
frequency = 710000
ex0 = 100
exx1 = 0
exx2 = 0
exy1 = 0
exy2 = 0
exz1 = 0
exz2 = 0
ey0 = 0
eyx1 = 0
eyx2 = 0
eyy1 = 0.0
eyy2 = 0.0
eyz1 = 0
eyz2 = 0
ez0 = 0
ezx1 = 0
ezx2 = 0
ezy1 = 0
ezy2 = 0
ezz1 = 0
ezz2 = 0
x_shift = 0
y_shift = 0
z_shift = 0
static = [0, 0, 0]

[modulation_2]
uid = 469202603907008
amp = .1
frequency = 710000
ex0 = 100
exx1 = 0
exx2 = 0
exy1 = 0
exy2 = 0
exz1 = 0
exz2 = 0
ey0 = 0
eyx1 = 0
eyx2 = 0
eyy1 = 0.0
eyy2 = 0.0
eyz1 = 0
eyz2 = 0
ez0 = 0
ezx1 = 0
ezx2 = 0
ezy1 = 0
ezy2 = 0
ezz1 = 0
ezz2 = 0
x_shift = 0
y_shift = 0
z_shift = 0
static = [0, 0, 0]

[ion_cloud_0]
uid = 1
species = be+
radius = 0.001
count = 1

[trap_0]
uid = 10000001
target_ion_pos = 0
radius = 1.25e-3
length = 1.5e-3
kappa = 0.17
frequency = 11040000
voltage = 66.4
endcapvoltage = 2
pseudo = True

[cooling_laser_0]
uid = 569202603907002
target_ion_pos = 0
target_ion_type = be+
beam_radius = 0.0001
saturation_paramater = 100
detunning = -300000000.0
laser_direction = [0.5, 0.5, 0.7071067811865475]
laser_origin_position = [0, 0, 0]

[exp_seq]
com_list = dumping,cloud,trap,cooling_laser,tickle,evolve,r_469202603907006,tickle,evolve,r_469202603907007,tickle,evolve

